0111011100
1110000110
0010000110
0000000011
0000000001
1111111111
0011111110
1111111011
0000001111
1100011111
1100000000
1111111111
1110001111
0011111111
0000011111
0000111101
0001111111
1111111111
1111000000
0011111111
1110001111
0000111110
1111111100
1111111110
1000001000
1111110000
0000000011
1111111000
1111110111
1111110000
0000000011
1111111111
1111111111
1100000111
1111110000
0011100110
1111111111
1111111111
1111111100
1110000000
1110000000
0000001111
1100000000
1111111000
1100011000
0000000111
0000011111
1111000111
1111111111
1111111111
1111111111
1111111111
1111110000
1111111111
1100000000
1111111111
1111111111
1110000100
0000000011
1111111100
1111111100
1110000000
1111001000
1100000000
0000000000
1111111111
0000000001
0000111000
1111000111
1100111111
1111110000
0000000011
1000000011
0011000000
0000001111
1111000111
1111111111
1111101111
1111111111
1111000000
1111111000
1111111111
0000000001
0000000011
1111111111
0000001101
0011111111
1100000000
1111000000
1111100000
1111111111
1111011111
0000001111
1111111100
1111111111
0000011111
1111111111
0011111111
1111100000
1111111111
0000011111
1111100000
0000000011
1111000111
0000001110
0000001000
1111111111
1111000000
1100000000
